  1.3306612e-002
  3.8375813e-001
  2.0713365e+000
 -1.1081104e-001
 -1.0361897e+000
 -1.0068049e+000
 -2.7360005e+000
 -4.1750132e-001
 -1.5909084e+000
  9.5278501e-001
  1.4189602e+000
  3.7067327e-001
  4.9859917e-001
  7.7427708e-001
 -4.8762914e-001
 -4.6771731e-002
 -1.3154287e+000
 -2.1047379e-001
  4.1342463e-001
  5.1528288e-001
 -1.1032400e+000
 -1.2258677e-001
  4.2300996e-001
 -9.4805316e-003
  9.7085196e-001
 -6.0470317e-001
  5.9559164e-001
 -1.9702495e+000
 -4.1054559e-001
 -1.1957269e-001
  8.5372375e-002
 -1.0870346e+000
  2.5592422e-001
  5.1295467e-001
  6.7518462e-001
 -1.2727388e+000
 -2.2737341e-001
 -1.1311015e+000
 -1.3374156e+000
 -9.2116366e-001
  3.7256887e-001
 -6.9594023e-001
 -1.0435513e+000
  9.8416748e-001
 -4.8439784e-001
 -1.9219574e-001
  6.8555760e-001
 -1.5191132e-001
 -2.9517460e-001
  2.3733406e-001
  2.6904843e-001
 -4.5222875e-001
 -6.8496504e-001
  7.6314103e-001
  1.5107181e-001
 -1.5319776e+000
 -3.1311729e-001
 -8.2344784e-001
 -1.3094795e+000
 -1.5873000e-001
  6.6866672e-001
 -7.2376654e-001
 -4.2447705e-001
 -6.5796944e-001
  1.0651898e+000
  5.9592179e-001
  8.0346886e-001
  1.4145826e+000
 -1.0597329e-002
  5.2254265e-001
  1.6126299e-001
  1.0301624e+000
 -1.2406820e+000
 -1.0565252e+000
 -4.6979228e-001
  4.9182162e-001
 -3.6228962e-001
 -1.5220714e+000
  4.6568939e-001
 -1.2439060e-003
 -5.7792787e-001
  2.1672561e-001
  7.8589135e-001
 -7.0497196e-001
 -1.4209089e+000
 -8.6126038e-001
 -4.8720039e-001
 -1.5042178e+000
  6.3300588e-001
 -1.5101683e+000
 -7.3083140e-001
 -7.4370377e-001
  7.7848143e-001
 -5.2760965e-001
  3.2397264e-001
  1.7023117e+000
 -1.9863314e-002
  9.3303645e-001
 -1.6744394e-001
 -2.1920432e-001
 -8.2016898e-001
  1.6666359e+000
  5.1595885e-002
 -3.1472109e-001
  9.3608877e-002
  8.7256922e-001
 -1.3472818e+000
 -5.9942860e-001
 -1.6079474e+000
  1.3027825e+000
 -2.1690248e+000
  1.6342946e+000
 -9.0000926e-001
 -6.9724788e-001
 -2.8782033e-001
 -4.4110343e-002
 -2.5593861e+000
  1.9340624e+000
  5.3013342e-001
  2.1488123e-001
 -8.2962798e-001
  7.4161032e-001
 -4.5617715e-002
 -3.4425707e-001
 -9.0376673e-001
 -1.5505515e+000
 -8.5834956e-001
 -1.3078750e+000
 -8.0255820e-001
 -1.3476200e+000
 -7.8233200e-001
  9.0128949e-001
 -1.8073119e-001
 -4.5543399e-001
 -1.4652634e-001
  1.0744342e+000
 -4.0449353e-001
 -8.6055198e-001
  7.4263335e-001
 -6.0525578e-001
  4.8790169e-002
 -1.4319456e+000
 -6.2804514e-001
 -3.3686341e+000
 -1.6443985e+000
 -5.4873093e-001
 -9.7689475e-001
 -3.8261745e-001
 -2.0088134e-001
  1.5941911e-001
 -9.8064058e-001
  1.8176483e+000
  6.3817951e-001
 -6.3103016e-001
  2.3874967e+000
 -4.6100254e-001
  1.4771220e+000
 -5.8528270e-001
  1.2969604e+000
 -1.7946708e-001
 -5.3988881e-001
 -1.0301147e+000
 -3.1434054e-001
  3.2132921e-001
 -8.7732013e-001
 -7.1973445e-001
 -5.5952292e-001
 -9.9673578e-001
 -4.4130914e-001
 -8.4800863e-001
 -4.0486757e-001
  9.9406094e-001
  8.8873045e-001
 -1.1265757e+000
 -7.8827451e-001
  1.3829465e+000
 -3.4586695e-001
 -2.4149964e+000
 -1.2960025e+000
 -8.4328264e-001
 -9.1423458e-001
 -1.6053778e+000
  9.7015910e-002
  1.6872920e+000
  1.5675813e+000
 -1.2209769e-001
  7.1482500e-001
 -1.0607374e-002
 -8.7109461e-003
 -3.6219296e-001
  8.0908088e-001
  2.1440124e+000
 -9.7828000e-001
 -8.4725425e-001
 -4.3146009e-001
 -7.8387420e-002
  2.6720570e+000
  8.1246802e-001
 -2.0355799e+000
 -1.1352576e+000
 -3.6747650e-001
 -1.0958698e+000
  8.0402417e-001
  1.3377298e+000
  7.6735058e-002
  1.5562364e-002
  1.8157055e-001
  1.1219111e+000
 -5.1263003e-001
  2.4212576e+000
 -1.5992058e+000
  3.3473393e-001
 -2.0990586e-001
 -2.7466274e+000
 -1.3735212e+000
 -1.0836487e-001
  1.9050909e-001
 -4.1587822e-001
 -1.0677220e+000
  7.6410077e-001
  2.7029670e-002
 -5.4888130e-001
  1.1767491e+000
  1.8842507e+000
  5.3943254e-001
  1.8727036e+000
  1.8095818e-001
 -2.0802680e-001
  4.1983282e-001
  1.3388524e+000
 -4.8660970e-001
 -1.2885788e+000
 -1.9147421e-001
  6.0478586e-001
  1.5084910e+000
  1.1443554e+000
 -2.9331162e+000
 -9.4410060e-001
  1.0933216e+000
  8.0812738e-001
  1.0704959e+000
 -7.1698264e-001
 -7.4096043e-003
  7.8315839e-001
  1.6536497e+000
 -1.4068622e+000
  6.2699335e-001
  2.0516317e+000
 -4.1678617e-002
 -4.2251661e-001
 -2.9659766e+000
  4.0202598e-001
 -4.3357747e-001
 -1.7246176e+000
  7.7120179e-002
  1.4712891e+000
  1.6694224e+000
 -1.6884473e+000
  1.4054243e+000
 -1.1262041e+000
  7.2956030e-001
  9.6721280e-001
  1.3992647e-001
 -1.5069560e+000
 -1.5194994e-001
  1.0514324e+000
  6.4800643e-001
 -1.1613150e+000
  6.7122294e-001
 -5.5830040e-001
 -2.4969182e-001
  1.2034213e+000
  7.1249749e-002
  9.8649398e-001
 -2.2076599e+000
  5.3182524e-001
 -5.4203920e-001
  5.0511356e-001
  1.2454922e+000
 -1.5484815e+000
 -1.0994129e+000
  5.7058520e-001
  9.3511236e-002
  1.2276246e-001
 -1.1747915e+000
 -7.9762050e-001
 -2.3865841e-001
 -6.2864907e-001
 -2.1315479e-001
  9.0801112e-001
  1.2894497e+000
  5.1121354e-001
  4.8460150e-001
 -7.5335157e-001
  7.4831090e-001
 -1.0671783e+000
 -7.7607471e-001
 -1.6538403e+000
 -5.8175386e-001
 -2.4789204e+000
 -1.2382869e+000
  4.9093769e-001
  2.3820875e-001
 -7.8304702e-002
 -2.9204754e-001
 -6.5075483e-001
  6.6698475e-001
 -1.5557091e+000
  1.5526405e+000
 -8.8859668e-001
  1.5450562e+000
  8.2615044e-001
 -2.3025770e+000
 -9.3051715e-002
 -2.4493459e-003
  9.6536313e-001
 -1.1315845e+000
  9.7876200e-001
 -3.1383682e-002
 -1.7285353e+000
  1.2176184e+000
  1.2039414e+000
 -5.1090334e-001
 -6.0117359e-001
 -2.7456841e-001
  6.0599997e-001
 -1.4318806e+000
  5.0945165e-001
  1.0084091e+000
  1.9145187e+000
  2.6472202e-001
 -4.2394684e-001
  9.3802738e-001
 -1.2418825e+000
  8.1661060e-001
  1.8727511e+000
 -6.0261992e-001
  4.8747547e-001
 -9.8277063e-002
  2.6122453e-002
 -4.7587681e-001
 -2.3896118e+000
 -1.8520309e+000
 -1.0988767e-001
  2.0912195e-001
  2.9554965e-001
  6.1986842e-001
 -2.6451419e-001
  2.2478322e-001
  4.7169604e-001
 -6.7236747e-001
  4.5334311e-001
  1.1665451e+000
  7.0184376e-001
 -1.4594021e+000
  1.3130796e+000
 -6.7774223e-001
 -1.9965107e+000
 -9.5663959e-001
 -5.2919229e-001
 -1.9890047e+000
 -4.0071015e-001
  4.3733524e-001
  2.8562018e-001
  2.8114701e-001
 -1.4833459e+000
 -2.6339051e-001
 -5.8463873e-001
 -1.7105906e+000
 -1.8089318e+000
 -7.4728233e-002
  1.2266185e-001
  1.2506857e+000
 -9.9970100e-001
  6.9078954e-001
  1.0604113e+000
  6.1841297e-002
  3.0823268e+000
  4.9296387e-001
 -1.9560400e-001
 -1.7438435e+000
 -1.2619376e+000
  3.6886509e-001
 -4.6890031e-001
  1.0335107e-001
 -6.9513138e-001
 -9.8126557e-001
 -5.8231089e-001
 -1.7280528e+000
 -3.1788275e-001
 -1.7836260e+000
 -1.4978410e-001
  3.5803857e-001
  4.7119304e-001
  2.2374553e+000
  1.9391560e-001
 -1.1995647e+000
 -3.3606534e-001
  7.0371392e-001
 -1.1688574e+000
  1.0309777e+000
 -2.3638797e+000
 -2.1057466e-001
  1.7045603e+000
 -1.4280115e+000
  7.9794538e-001
  5.5229635e-001
 -1.4772755e-001
  1.4815106e+000
 -8.2184884e-001
  1.6023702e+000
  4.6226198e-001
  1.3012173e+000
  7.1827651e-001
  1.3546820e+000
  1.6062378e+000
  8.6974819e-001
  7.1536084e-001
 -6.5298463e-002
  6.6361188e-001
  1.7597857e+000
  6.3907564e-001
 -7.9449216e-001
  1.9652062e+000
  1.3115603e+000
 -2.1970684e+000
 -2.3692882e+000
 -4.0297055e-001
 -2.6766319e+000
 -9.8698180e-001
 -6.9313898e-001
  7.0520622e-001
  1.4306544e+000
 -7.0005886e-001
  2.3068401e-001
  2.8530684e-001
 -1.3142738e+000
  7.3677601e-001
  1.5977946e+000
 -1.2455640e+000
  2.5506664e-003
  4.1969182e-001
  2.3606892e-001
  8.1379884e-001
 -9.3672526e-001
  7.0480554e-001
  5.9763776e-002
  1.4913850e-001
 -8.9449437e-002
  2.3899579e+000
 -6.4950376e-002
  3.4017945e-001
  9.9187034e-001
  1.1114854e-001
  3.0733352e-001
  2.4890180e+000
  1.3272455e+000
 -1.1226127e+000
 -1.0875729e+000
  7.5526099e-001
 -6.4085061e-001
 -9.8951760e-002
  1.0429627e+000
  8.4199184e-001
  1.2296159e+000
  1.3689643e+000
 -5.3866760e-001
  1.6645820e-001
 -5.4268606e-001
 -7.0670532e-001
 -6.1825181e-001
 -7.2423303e-001
  1.6773605e-001
 -3.5303921e-001
  8.7083927e-001
 -1.5847194e-001
  2.3529174e-001
  1.9985507e+000
  1.8786084e+000
  1.3653627e-002
 -3.0052236e-002
  4.1958493e-001
 -2.7027500e-002
 -4.6667269e-001
 -6.5825868e-001
  3.0510278e-002
 -3.0506760e-001
 -1.7734455e+000
 -8.5857843e-001
  9.0534266e-001
  1.5607566e+000
  3.9839313e-001
  3.0311744e-001
  9.3201707e-001
 -1.7026803e+000
  6.7372974e-001
 -3.2006057e-001
 -4.2981745e-001
  2.2119095e+000
  1.6801014e+000
