 -1.4785125e-002
 -4.3116202e-001
 -2.4423206e+000
 -7.2018086e-001
  5.8194192e-001
  1.0784348e+000
  3.3714013e+000
  1.6827910e+000
  2.7974690e+000
  2.5467384e-001
 -9.6923135e-001
 -4.8121063e-001
 -7.3679641e-001
 -1.1708390e+000
  4.0327377e-002
 -1.3563015e-001
  1.3428449e+000
  6.1905723e-001
 -1.0580772e-001
 -4.6520894e-001
  1.1188526e+000
  4.5393885e-001
 -1.9664935e-001
  5.6513820e-002
 -1.0421224e+000
  3.5073819e-001
 -6.7721454e-001
  1.9647741e+000
  9.9949884e-001
  6.7225410e-001
  3.3751524e-001
  1.4895206e+000
  3.0827809e-001
 -2.3356025e-001
 -6.9090768e-001
  1.2152474e+000
  5.6465410e-001
  1.5635304e+000
  2.1125220e+000
  1.9548185e+000
  5.8844191e-001
  1.3638389e+000
  1.8351894e+000
 -2.3190541e-001
  8.0814035e-001
  5.8191982e-001
 -4.2687557e-001
  1.6518360e-001
  3.7975490e-001
 -1.2062579e-001
 -2.8057953e-001
  4.1941270e-001
  8.6299088e-001
 -5.2909219e-001
 -2.1080591e-001
  1.6170917e+000
  8.3492869e-001
  1.3787829e+000
  2.0847880e+000
  1.1000560e+000
 -1.9024783e-002
  1.0876301e+000
  9.3547780e-001
  1.2180435e+000
 -5.9627700e-001
 -6.1936212e-001
 -1.0752061e+000
 -1.9911990e+000
 -7.9760995e-001
 -1.1613645e+000
 -7.8570317e-001
 -1.6404048e+000
  6.5164879e-001
  1.0931379e+000
  8.4191315e-001
 -1.4721665e-001
  5.1480827e-001
  1.9019788e+000
  1.7974253e-001
  3.3816923e-001
  8.8582256e-001
  1.4209768e-001
 -6.7426402e-001
  6.4561876e-001
  1.7317470e+000
  1.5761471e+000
  1.2968798e+000
  2.3914550e+000
  3.5528085e-001
  2.2158924e+000
  1.7412157e+000
  1.7590683e+000
  7.4923815e-002
  9.8633634e-001
  1.1789124e-001
 -1.6623260e+000
 -4.2191542e-001
 -1.3502520e+000
 -3.7445031e-001
 -1.0129551e-001
  7.4071685e-001
 -1.6813750e+000
 -5.3092810e-001
 -1.0826464e-002
 -2.5170502e-001
 -1.1097044e+000
  1.0833351e+000
  8.4964858e-001
  2.1338306e+000
 -6.2107950e-001
  2.5404846e+000
 -9.4509954e-001
  1.0437916e+000
  1.1285652e+000
  8.2498730e-001
  5.1691551e-001
  3.1974857e+000
 -9.7716796e-001
 -4.3518627e-001
 -3.1744327e-001
  7.8804706e-001
 -6.2358992e-001
 -7.0079560e-002
  3.1162030e-001
  1.0762412e+000
  2.0984462e+000
  1.7801322e+000
  2.3573568e+000
  2.0129890e+000
  2.5944885e+000
  2.1441128e+000
  1.9939001e-001
  7.4538944e-001
  9.6404961e-001
  6.5664999e-001
 -7.8469135e-001
  3.6024202e-001
  1.0365688e+000
 -4.5898272e-001
  6.7107817e-001
  1.6145370e-001
  1.7293407e+000
  1.3103759e+000
  4.4101783e+000
  3.5150675e+000
  2.4175171e+000
  2.5875428e+000
  1.8597359e+000
  1.3962919e+000
  7.4202011e-001
  1.6963570e+000
 -1.2303028e+000
 -7.8979665e-001
  4.1437127e-001
 -2.6339639e+000
 -3.2897253e-001
 -2.0837280e+000
 -1.9810186e-001
 -1.8442663e+000
 -5.5613541e-001
  1.1845996e-001
  9.9017572e-001
  6.0656542e-001
 -5.8664332e-002
  1.0752444e+000
  1.1863503e+000
  1.1586187e+000
  1.6955875e+000
  1.2719408e+000
  1.6647183e+000
  1.2752567e+000
 -3.6343458e-001
 -8.0815394e-001
  1.0630754e+000
  1.1429369e+000
 -1.0614970e+000
  2.3230276e-001
  2.6973849e+000
  2.3147824e+000
  2.0327669e+000
  2.1091333e+000
  2.9006896e+000
  1.2736458e+000
 -9.1179546e-001
 -1.6503684e+000
 -3.5956582e-001
 -1.1082021e+000
 -4.7088219e-001
 -3.3511714e-001
  1.5653604e-001
 -9.4689959e-001
 -2.7065164e+000
  8.5165872e-002
  5.6811119e-001
  5.1314518e-001
  2.6594194e-001
 -2.8117219e+000
 -1.7458494e+000
  1.3619611e+000
  1.3403338e+000
  8.7176710e-001
  1.6839198e+000
 -1.6424914e-001
 -1.2476468e+000
 -3.9179281e-001
 -2.6614852e-001
 -3.8704682e-001
 -1.4454037e+000
  2.4313411e-002
 -2.9005621e+000
  7.5815938e-001
 -5.3512516e-001
 -4.4799137e-003
  2.9552813e+000
  2.4397812e+000
  1.2720157e+000
  6.5883910e-001
  1.0225859e+000
  1.7400572e+000
 -6.6835956e-002
  2.6129696e-001
  8.1059576e-001
 -9.6601592e-001
 -2.2682904e+000
 -1.4001345e+000
 -2.8522423e+000
 -1.4287047e+000
 -7.2027551e-001
 -1.0791362e+000
 -2.0803976e+000
 -3.6678642e-001
  9.5058193e-001
  3.2657884e-001
 -5.2122145e-001
 -1.7837452e+000
 -1.8893259e+000
  2.4031073e+000
  1.4809709e+000
 -5.6481192e-001
 -8.1991832e-001
 -1.4224354e+000
  2.4510888e-001
 -1.3340298e-001
 -9.6981574e-001
 -2.1897407e+000
  7.1665631e-001
 -8.0434626e-001
 -2.5818438e+000
 -9.0651907e-001
 -2.0376915e-001
  2.9605778e+000
  3.7328771e-001
  9.3002764e-001
  2.3952273e+000
  8.7770060e-001
 -9.6659512e-001
 -1.8991040e+000
  1.2464430e+000
 -1.4117947e+000
  8.5634133e-001
 -6.9268896e-001
 -1.2507072e+000
 -6.2889005e-001
  1.2823867e+000
  4.2524323e-001
 -9.2867141e-001
 -9.2341099e-001
  9.1144496e-001
 -6.0367747e-001
  4.8266580e-001
  3.7789381e-001
 -1.1751856e+000
 -3.9305764e-001
 -1.3483128e+000
  1.9176158e+000
 -1.8715441e-001
  7.0346548e-001
 -2.9408520e-001
 -1.3717802e+000
  1.2833569e+000
  1.4602248e+000
 -6.8004713e-002
  1.0057753e-001
 -2.2202850e-002
  1.3438496e+000
  1.3346735e+000
  8.7460887e-001
  1.2240905e+000
  8.4150444e-001
 -4.9588349e-001
 -1.3872995e+000
 -9.9686479e-001
 -1.0311980e+000
  3.0768164e-001
 -9.4406496e-001
  8.3651155e-001
  9.9215101e-001
  2.2092318e+000
  1.5069093e+000
  3.5841221e+000
  2.8626645e+000
  9.7164389e-001
  6.5526095e-001
  6.6611980e-001
  7.7078170e-001
  1.1499377e+000
 -1.9980798e-001
  1.8806976e+000
 -1.0583008e+000
  9.1306373e-001
 -1.4522260e+000
 -1.2800832e+000
  2.0010923e+000
  5.2525657e-001
  3.4071714e-001
 -8.2764081e-001
  1.0886258e+000
 -8.0421004e-001
 -1.1094227e-001
  1.8265216e+000
 -8.0199281e-001
 -1.3757660e+000
  1.0914669e-001
  5.1973067e-001
  4.1324878e-001
 -4.9690625e-001
  1.5014350e+000
 -1.1807904e-001
 -9.7931094e-001
 -2.3863413e+000
 -1.1667071e+000
 -2.5391550e-001
 -1.4140569e+000
  7.7550718e-001
 -8.9920436e-001
 -2.3673219e+000
 -2.0782096e-001
 -9.5956340e-001
 -3.6716551e-001
 -3.3787873e-001
  2.9633846e-001
  2.6576456e+000
  2.9151732e+000
  1.4043754e+000
  7.3307444e-001
  2.9399724e-001
 -3.4505595e-001
  3.2019465e-001
 -1.3606930e-001
 -5.2247532e-001
  5.7937436e-001
 -3.8410752e-001
 -1.3720864e+000
 -1.2523132e+000
  1.0290400e+000
 -1.3644050e+000
  3.5123430e-001
  2.1707957e+000
  1.7433917e+000
  1.4219345e+000
  3.0017613e+000
  1.7291702e+000
  5.8482367e-001
  2.9938811e-001
  3.0781479e-002
  1.7953474e+000
  9.3003107e-001
  1.2042252e+000
  2.5105351e+000
  3.0628259e+000
  1.4911026e+000
  9.0740396e-001
 -6.7978710e-001
  1.1756819e+000
 -3.6275192e-001
 -1.1332047e+000
 -4.1584425e-001
 -3.6976545e+000
 -1.8483428e+000
 -8.9848145e-001
  1.2017656e+000
  1.4950532e+000
  1.0904934e-001
  7.6369824e-001
  2.2832518e-001
  9.8320353e-001
  1.4914392e+000
  1.2880446e+000
  2.5915083e+000
  1.4568245e+000
  2.8926765e+000
  1.4628593e+000
  5.9211817e-001
  6.3221332e-002
 -2.2309824e+000
 -8.3230230e-001
  8.1792716e-001
  4.3099123e-001
 -6.1999528e-001
  1.1637178e+000
 -8.2456009e-001
  2.4892297e+000
  9.8113565e-001
 -1.2789467e+000
  1.4205781e+000
 -4.9530468e-001
 -6.1674026e-001
 -3.5816753e-002
 -1.7376472e+000
  3.1664708e-001
 -1.9169879e+000
 -1.1859512e+000
 -2.0968675e+000
 -1.7341705e+000
 -2.4384247e+000
 -2.9437122e+000
 -2.3785178e+000
 -2.1261091e+000
 -1.1450312e+000
 -1.5933351e+000
 -2.8111209e+000
 -1.9582110e+000
 -2.4746081e-001
 -2.7153918e+000
 -2.5449805e+000
  1.1860613e+000
  2.5126674e+000
  1.2094323e+000
  3.6684163e+000
  2.5564441e+000
  2.1778165e+000
  4.8124327e-001
 -9.2862646e-001
  7.4301492e-001
 -3.0830952e-002
 -2.3674817e-001
  1.4161225e+000
 -3.8000658e-001
 -1.7223205e+000
  8.5019275e-001
  5.7610038e-002
 -4.2358336e-001
 -3.8169042e-001
 -1.0749667e+000
  6.2612936e-001
 -7.4723506e-001
 -2.9282706e-001
 -3.5063397e-001
 -8.7563607e-002
 -2.7585044e+000
 -8.5788262e-001
 -1.0264259e+000
 -1.6921949e+000
 -9.0480785e-001
 -9.4555468e-001
 -3.3118835e+000
 -2.7604029e+000
 -1.5638996e-001
  5.9652706e-001
 -8.9171951e-001
  4.0370814e-001
  1.1669089e-001
 -1.1185492e+000
 -1.2798486e+000
 -1.9163564e+000
 -2.3586106e+000
 -4.9649289e-001
 -7.8293957e-001
  1.1150957e-001
  6.2456902e-001
  8.2393282e-001
  1.1249874e+000
  3.0423615e-001
  6.8654126e-001
 -6.2867015e-001
  1.0908005e-001
 -2.5308720e-001
 -2.2988230e+000
 -2.8593590e+000
 -1.2453262e+000
 -8.5994262e-001
 -1.1006317e+000
 -5.7838792e-001
  8.8788378e-002
  5.8811339e-001
  9.8288837e-002
  4.2351051e-001
  2.1407781e+000
  1.7118955e+000
 -1.5115771e-001
 -1.4409690e+000
 -7.8968924e-001
 -7.3006466e-001
 -1.4281246e+000
  1.2746735e+000
 -5.8473787e-001
  2.3274762e-001
  5.0342130e-001
 -2.2851251e+000
 -2.5340766e+000
