  4.5179353e+007
  1.0005180e+006
  1.9022990e+006
  3.3343510e+006
  8.5819000e+004
  1.3897014e+007
  2.2107006e+007
  4.9370000e+003
  1.2418000e+004
  4.6022220e+006
  1.2128073e+007
  1.4034000e+004
  2.6266069e+007
  1.1670247e+007
  1.0926000e+005
  6.2306000e+004
  2.4496350e+006
  3.7227290e+006
  7.9282550e+006
  9.5438000e+004
  2.2343260e+006
  1.2607403e+007
  8.4799500e+006
  2.4723600e+005
  3.4080000e+003
  1.8548220e+006
  1.3946300e+005
  1.3840019e+007
  5.3520000e+004
  3.9998000e+004
  1.2252200e+005
  1.6364372e+007
  5.7304904e+007
  7.1053000e+004
  9.9610000e+003
  2.6901000e+004
  4.4496000e+004
  1.7968590e+006
  1.6377805e+007
  3.1186600e+005
  4.0099067e+007
  3.3790000e+003
  8.3457530e+006
  1.0339185e+007
  2.6923176e+007
  4.4467000e+004
  2.8721800e+005
  8.3326100e+005
  4.4875540e+006
  9.8893310e+006
  2.3038851e+007
  2.4604380e+006
  4.0594000e+004
  4.6625600e+005
