  2.6848890e+006
  5.7891000e+004
  1.1305100e+005
  1.9672700e+005
  5.0310000e+003
  8.2588400e+005
  1.3068830e+006
  4.1000000e+002
  7.3300000e+002
  4.9075800e+005
  7.2075300e+005
  8.1200000e+002
  1.5652180e+006
  6.9348600e+005
  6.3220000e+003
  3.6050000e+003
  2.0333800e+005
  2.2118100e+005
  4.7116500e+005
  5.6730000e+003
  1.3316300e+005
  7.5189900e+005
  5.0377200e+005
  1.4413000e+004
  2.8300000e+002
  1.0817000e+005
  8.0760000e+003
  8.2326900e+005
  3.0990000e+003
  2.9790000e+003
  7.1250000e+003
  9.7251300e+005
  3.4055590e+006
  4.1480000e+003
  5.8900000e+002
  1.7610000e+003
  3.6990000e+003
  1.0673500e+005
  9.7331100e+005
  2.5925000e+004
  2.3830370e+006
  2.8100000e+002
  5.1969900e+005
  6.0829300e+005
  1.6000060e+006
  2.6590000e+003
  1.7070000e+004
  4.8213000e+004
  2.3400880e+006
  5.3792200e+005
  1.3535230e+006
  1.4570100e+005
  2.3490000e+003
  2.7088000e+004
